min_dpi = 80
max_dpi = 320
dpi = 160
wireless = false
resolution = 480
transition_mode = 2
aa_video_transition_mode = 0
transition_speed = 0.9956730604171753
aa_video_transition_speed = 0.5012019276618958
