min_dpi = 80
max_dpi = 320
dpi = 160
wireless = false
resolution = 480
fps = 30
transition_mode = 2
aa_video_transition_mode = 0
transition_speed = 1.5112980604171753
aa_video_transition_speed = 0.6043269038200378
