min_dpi = 80
max_dpi = 320
dpi = 160
wireless = false
resolution = 480
fps = 30
transition_mode = 2
aa_video_transition_mode = 0
transition_speed = 1.0006401538848877
aa_video_transition_speed = 0.4994716942310333
theme = 0
gfx_model = 0
